(kicad_pcb (version 20171130) (host pcbnew "(5.1.2)-2")

  (general
    (thickness 1.6)
    (drawings 19)
    (tracks 515)
    (zones 0)
    (modules 84)
    (nets 58)
  )

  (page A4)
  (layers
    (0 F.Cu signal)
    (31 B.Cu signal)
    (32 B.Adhes user)
    (33 F.Adhes user)
    (34 B.Paste user)
    (35 F.Paste user)
    (36 B.SilkS user hide)
    (37 F.SilkS user)
    (38 B.Mask user)
    (39 F.Mask user)
    (40 Dwgs.User user hide)
    (41 Cmts.User user)
    (42 Eco1.User user)
    (43 Eco2.User user)
    (44 Edge.Cuts user)
    (45 Margin user)
    (46 B.CrtYd user hide)
    (47 F.CrtYd user hide)
    (48 B.Fab user hide)
    (49 F.Fab user hide)
  )

  (setup
    (last_trace_width 0.25)
    (trace_clearance 0.2)
    (zone_clearance 0.508)
    (zone_45_only no)
    (trace_min 0.2)
    (via_size 0.8)
    (via_drill 0.4)
    (via_min_size 0.4)
    (via_min_drill 0.3)
    (uvia_size 0.3)
    (uvia_drill 0.1)
    (uvias_allowed no)
    (uvia_min_size 0.2)
    (uvia_min_drill 0.1)
    (edge_width 0.1)
    (segment_width 0.2)
    (pcb_text_width 0.3)
    (pcb_text_size 1.5 1.5)
    (mod_edge_width 0.15)
    (mod_text_size 1 1)
    (mod_text_width 0.15)
    (pad_size 1.524 1.524)
    (pad_drill 0.762)
    (pad_to_mask_clearance 0)
    (aux_axis_origin 0 0)
    (visible_elements 7FFFEFFF)
    (pcbplotparams
      (layerselection 0x010fc_ffffffff)
      (usegerberextensions false)
      (usegerberattributes false)
      (usegerberadvancedattributes false)
      (creategerberjobfile false)
      (excludeedgelayer true)
      (linewidth 0.100000)
      (plotframeref false)
      (viasonmask false)
      (mode 1)
      (useauxorigin false)
      (hpglpennumber 1)
      (hpglpenspeed 20)
      (hpglpendiameter 15.000000)
      (psnegative false)
      (psa4output false)
      (plotreference true)
      (plotvalue true)
      (plotinvisibletext false)
      (padsonsilk false)
      (subtractmaskfromsilk false)
      (outputformat 1)
      (mirror false)
      (drillshape 1)
      (scaleselection 1)
      (outputdirectory ""))
  )

  (net 0 "")
  (net 1 row0)
  (net 2 "Net-(D0-Pad2)")
  (net 3 "Net-(D1-Pad2)")
  (net 4 "Net-(D2-Pad2)")
  (net 5 "Net-(D3-Pad2)")
  (net 6 "Net-(D4-Pad2)")
  (net 7 "Net-(D5-Pad2)")
  (net 8 "Net-(D6-Pad2)")
  (net 9 "Net-(D10-Pad2)")
  (net 10 row1)
  (net 11 "Net-(D11-Pad2)")
  (net 12 "Net-(D12-Pad2)")
  (net 13 "Net-(D13-Pad2)")
  (net 14 "Net-(D14-Pad2)")
  (net 15 "Net-(D15-Pad2)")
  (net 16 "Net-(D16-Pad2)")
  (net 17 row2)
  (net 18 "Net-(D20-Pad2)")
  (net 19 "Net-(D21-Pad2)")
  (net 20 "Net-(D22-Pad2)")
  (net 21 "Net-(D23-Pad2)")
  (net 22 "Net-(D24-Pad2)")
  (net 23 "Net-(D25-Pad2)")
  (net 24 "Net-(D26-Pad2)")
  (net 25 "Net-(D30-Pad2)")
  (net 26 row3)
  (net 27 "Net-(D31-Pad2)")
  (net 28 "Net-(D32-Pad2)")
  (net 29 "Net-(D33-Pad2)")
  (net 30 "Net-(D34-Pad2)")
  (net 31 "Net-(D35-Pad2)")
  (net 32 "Net-(D36-Pad2)")
  (net 33 row4)
  (net 34 "Net-(D40-Pad2)")
  (net 35 "Net-(D41-Pad2)")
  (net 36 "Net-(D42-Pad2)")
  (net 37 "Net-(D43-Pad2)")
  (net 38 "Net-(D44-Pad2)")
  (net 39 "Net-(D45-Pad2)")
  (net 40 "Net-(D46-Pad2)")
  (net 41 col0)
  (net 42 col1)
  (net 43 col2)
  (net 44 col3)
  (net 45 col4)
  (net 46 col5)
  (net 47 col6)
  (net 48 SDA)
  (net 49 VCC)
  (net 50 SCL)
  (net 51 GND)
  (net 52 rgb_data)
  (net 53 RST)
  (net 54 "Net-(U1-Pad24)")
  (net 55 "Net-(U1-Pad20)")
  (net 56 "Net-(U1-Pad8)")
  (net 57 "Net-(U1-Pad2)")

  (net_class Default "Ceci est la Netclass par défaut."
    (clearance 0.2)
    (trace_width 0.25)
    (via_dia 0.8)
    (via_drill 0.4)
    (uvia_dia 0.3)
    (uvia_drill 0.1)
    (add_net GND)
    (add_net "Net-(D0-Pad2)")
    (add_net "Net-(D1-Pad2)")
    (add_net "Net-(D10-Pad2)")
    (add_net "Net-(D11-Pad2)")
    (add_net "Net-(D12-Pad2)")
    (add_net "Net-(D13-Pad2)")
    (add_net "Net-(D14-Pad2)")
    (add_net "Net-(D15-Pad2)")
    (add_net "Net-(D16-Pad2)")
    (add_net "Net-(D2-Pad2)")
    (add_net "Net-(D20-Pad2)")
    (add_net "Net-(D21-Pad2)")
    (add_net "Net-(D22-Pad2)")
    (add_net "Net-(D23-Pad2)")
    (add_net "Net-(D24-Pad2)")
    (add_net "Net-(D25-Pad2)")
    (add_net "Net-(D26-Pad2)")
    (add_net "Net-(D3-Pad2)")
    (add_net "Net-(D30-Pad2)")
    (add_net "Net-(D31-Pad2)")
    (add_net "Net-(D32-Pad2)")
    (add_net "Net-(D33-Pad2)")
    (add_net "Net-(D34-Pad2)")
    (add_net "Net-(D35-Pad2)")
    (add_net "Net-(D36-Pad2)")
    (add_net "Net-(D4-Pad2)")
    (add_net "Net-(D40-Pad2)")
    (add_net "Net-(D41-Pad2)")
    (add_net "Net-(D42-Pad2)")
    (add_net "Net-(D43-Pad2)")
    (add_net "Net-(D44-Pad2)")
    (add_net "Net-(D45-Pad2)")
    (add_net "Net-(D46-Pad2)")
    (add_net "Net-(D5-Pad2)")
    (add_net "Net-(D6-Pad2)")
    (add_net "Net-(U1-Pad2)")
    (add_net "Net-(U1-Pad20)")
    (add_net "Net-(U1-Pad24)")
    (add_net "Net-(U1-Pad8)")
    (add_net RST)
    (add_net SCL)
    (add_net SDA)
    (add_net VCC)
    (add_net col0)
    (add_net col1)
    (add_net col2)
    (add_net col3)
    (add_net col4)
    (add_net col5)
    (add_net col6)
    (add_net rgb_data)
    (add_net row0)
    (add_net row1)
    (add_net row2)
    (add_net row3)
    (add_net row4)
  )

  (module redox_footprints:HOLE_M3 locked (layer F.Cu) (tedit 0) (tstamp 5D2B2CA6)
    (at 101.47 127.97)
    (fp_text reference HOLE_M3 (at 0 -4.5) (layer F.SilkS) hide
      (effects (font (size 1.524 1.524) (thickness 0.3048)))
    )
    (fp_text value VAL** (at 0.05 -7.25) (layer F.SilkS) hide
      (effects (font (size 1.524 1.524) (thickness 0.3048)))
    )
    (pad 1 thru_hole circle (at 0 0) (size 4 4) (drill 3.2) (layers *.Cu *.Mask F.SilkS))
  )

  (module redox_footprints:HOLE_M3 (layer F.Cu) (tedit 0) (tstamp 5D2B2CA6)
    (at 209.65 133.99)
    (fp_text reference HOLE_M3 (at 0 -4.5) (layer F.SilkS) hide
      (effects (font (size 1.524 1.524) (thickness 0.3048)))
    )
    (fp_text value VAL** (at 0.05 -7.25) (layer F.SilkS) hide
      (effects (font (size 1.524 1.524) (thickness 0.3048)))
    )
    (pad 1 thru_hole circle (at 0 0) (size 4 4) (drill 3.2) (layers *.Cu *.Mask F.SilkS))
  )

  (module redox_footprints:HOLE_M3 locked (layer F.Cu) (tedit 0) (tstamp 5D2B2CA6)
    (at 196.215 52.07)
    (fp_text reference HOLE_M3 (at 0 -4.5) (layer F.SilkS) hide
      (effects (font (size 1.524 1.524) (thickness 0.3048)))
    )
    (fp_text value VAL** (at 0.05 -7.25) (layer F.SilkS) hide
      (effects (font (size 1.524 1.524) (thickness 0.3048)))
    )
    (pad 1 thru_hole circle (at 0 0) (size 4 4) (drill 3.2) (layers *.Cu *.Mask F.SilkS))
  )

  (module redox_footprints:HOLE_M3 locked (layer F.Cu) (tedit 0) (tstamp 5D2B2C98)
    (at 85.725 53.975)
    (fp_text reference HOLE_M3 (at 0 -4.5) (layer F.SilkS) hide
      (effects (font (size 1.524 1.524) (thickness 0.3048)))
    )
    (fp_text value VAL** (at 0.05 -7.25) (layer F.SilkS) hide
      (effects (font (size 1.524 1.524) (thickness 0.3048)))
    )
    (pad 1 thru_hole circle (at 0 0) (size 4 4) (drill 3.2) (layers *.Cu *.Mask F.SilkS))
  )

  (module redox_footprints:Diode-dual locked (layer F.Cu) (tedit 5A4BD0FA) (tstamp 5D2A567E)
    (at 132.08 108.585 180)
    (path /5A80ABAA)
    (attr smd)
    (fp_text reference D22 (at -0.0254 1.4) (layer F.SilkS)
      (effects (font (size 0.8 0.8) (thickness 0.15)))
    )
    (fp_text value D (at 0 -1.925) (layer F.SilkS) hide
      (effects (font (size 0.8 0.8) (thickness 0.15)))
    )
    (fp_line (start -2.540001 0.762) (end 2.54 0.761999) (layer F.SilkS) (width 0.15))
    (fp_line (start 2.54 0.761999) (end 2.540001 -0.762) (layer F.SilkS) (width 0.15))
    (fp_line (start 2.540001 -0.762) (end -2.54 -0.761999) (layer F.SilkS) (width 0.15))
    (fp_line (start -2.54 -0.761999) (end -2.540001 0.762) (layer F.SilkS) (width 0.15))
    (fp_line (start -2.540001 0.762) (end -2.032001 0.762) (layer F.SilkS) (width 0.15))
    (fp_line (start 2.159 0.762) (end 2.159 -0.762) (layer F.SilkS) (width 0.15))
    (fp_line (start 2.286 -0.762) (end 2.286 0.762) (layer F.SilkS) (width 0.15))
    (fp_line (start 2.413 0.762) (end 2.413 -0.762) (layer F.SilkS) (width 0.15))
    (fp_line (start 2.032001 -0.762) (end 2.032 0.762) (layer F.SilkS) (width 0.15))
    (fp_line (start 1.904999 0.762) (end 1.905 -0.761999) (layer F.SilkS) (width 0.15))
    (fp_line (start 1.778 0.762) (end 1.778 -0.762) (layer F.SilkS) (width 0.15))
    (pad 1 smd rect (at 2.7 0 180) (size 2.5 0.5) (layers F.Cu)
      (net 17 row2) (solder_mask_margin -999))
    (pad 2 smd rect (at -2.7 0 180) (size 2.5 0.5) (layers F.Cu)
      (net 20 "Net-(D22-Pad2)") (solder_mask_margin -999))
    (pad 1 thru_hole rect (at 3.9 0 180) (size 1.6 1.6) (drill 1) (layers *.Cu *.Mask F.SilkS)
      (net 17 row2))
    (pad 2 thru_hole circle (at -3.9 0 180) (size 1.6 1.6) (drill 1) (layers *.Cu *.Mask F.SilkS)
      (net 20 "Net-(D22-Pad2)"))
    (pad 2 smd rect (at -1.575 0 180) (size 1.2 1.2) (layers F.Cu F.Paste F.Mask)
      (net 20 "Net-(D22-Pad2)"))
    (pad 1 smd rect (at 1.575 0 180) (size 1.2 1.2) (layers F.Cu F.Paste F.Mask)
      (net 17 row2))
    (pad 1 smd rect (at 2.7 0 180) (size 2.5 0.5) (layers B.Cu)
      (net 17 row2) (solder_mask_margin -999))
    (pad 1 smd rect (at 1.575 0 180) (size 1.2 1.2) (layers B.Cu B.Paste B.Mask)
      (net 17 row2))
    (pad 2 smd rect (at -1.575 0 180) (size 1.2 1.2) (layers B.Cu B.Paste B.Mask)
      (net 20 "Net-(D22-Pad2)"))
    (pad 2 smd rect (at -2.7 0 180) (size 2.5 0.5) (layers B.Cu)
      (net 20 "Net-(D22-Pad2)") (solder_mask_margin -999))
  )

  (module redox_footprints:Diode-dual locked (layer F.Cu) (tedit 5A4BD0FA) (tstamp 5D2A54EE)
    (at 89.2175 74.93 180)
    (path /5A808D18)
    (attr smd)
    (fp_text reference D0 (at -0.0254 1.4) (layer F.SilkS)
      (effects (font (size 0.8 0.8) (thickness 0.15)))
    )
    (fp_text value D (at 0 -1.925) (layer F.SilkS) hide
      (effects (font (size 0.8 0.8) (thickness 0.15)))
    )
    (fp_line (start -2.540001 0.762) (end 2.54 0.761999) (layer F.SilkS) (width 0.15))
    (fp_line (start 2.54 0.761999) (end 2.540001 -0.762) (layer F.SilkS) (width 0.15))
    (fp_line (start 2.540001 -0.762) (end -2.54 -0.761999) (layer F.SilkS) (width 0.15))
    (fp_line (start -2.54 -0.761999) (end -2.540001 0.762) (layer F.SilkS) (width 0.15))
    (fp_line (start -2.540001 0.762) (end -2.032001 0.762) (layer F.SilkS) (width 0.15))
    (fp_line (start 2.159 0.762) (end 2.159 -0.762) (layer F.SilkS) (width 0.15))
    (fp_line (start 2.286 -0.762) (end 2.286 0.762) (layer F.SilkS) (width 0.15))
    (fp_line (start 2.413 0.762) (end 2.413 -0.762) (layer F.SilkS) (width 0.15))
    (fp_line (start 2.032001 -0.762) (end 2.032 0.762) (layer F.SilkS) (width 0.15))
    (fp_line (start 1.904999 0.762) (end 1.905 -0.761999) (layer F.SilkS) (width 0.15))
    (fp_line (start 1.778 0.762) (end 1.778 -0.762) (layer F.SilkS) (width 0.15))
    (pad 1 smd rect (at 2.7 0 180) (size 2.5 0.5) (layers F.Cu)
      (net 1 row0) (solder_mask_margin -999))
    (pad 2 smd rect (at -2.7 0 180) (size 2.5 0.5) (layers F.Cu)
      (net 2 "Net-(D0-Pad2)") (solder_mask_margin -999))
    (pad 1 thru_hole rect (at 3.9 0 180) (size 1.6 1.6) (drill 1) (layers *.Cu *.Mask F.SilkS)
      (net 1 row0))
    (pad 2 thru_hole circle (at -3.9 0 180) (size 1.6 1.6) (drill 1) (layers *.Cu *.Mask F.SilkS)
      (net 2 "Net-(D0-Pad2)"))
    (pad 2 smd rect (at -1.575 0 180) (size 1.2 1.2) (layers F.Cu F.Paste F.Mask)
      (net 2 "Net-(D0-Pad2)"))
    (pad 1 smd rect (at 1.575 0 180) (size 1.2 1.2) (layers F.Cu F.Paste F.Mask)
      (net 1 row0))
    (pad 1 smd rect (at 2.7 0 180) (size 2.5 0.5) (layers B.Cu)
      (net 1 row0) (solder_mask_margin -999))
    (pad 1 smd rect (at 1.575 0 180) (size 1.2 1.2) (layers B.Cu B.Paste B.Mask)
      (net 1 row0))
    (pad 2 smd rect (at -1.575 0 180) (size 1.2 1.2) (layers B.Cu B.Paste B.Mask)
      (net 2 "Net-(D0-Pad2)"))
    (pad 2 smd rect (at -2.7 0 180) (size 2.5 0.5) (layers B.Cu)
      (net 2 "Net-(D0-Pad2)") (solder_mask_margin -999))
  )

  (module redox_footprints:Diode-dual locked (layer F.Cu) (tedit 5A4BD0FA) (tstamp 5D2A5507)
    (at 113.03 74.93 180)
    (path /5A80908F)
    (attr smd)
    (fp_text reference D1 (at -0.0254 1.4) (layer F.SilkS)
      (effects (font (size 0.8 0.8) (thickness 0.15)))
    )
    (fp_text value D (at 0 -1.925) (layer F.SilkS) hide
      (effects (font (size 0.8 0.8) (thickness 0.15)))
    )
    (fp_line (start 1.778 0.762) (end 1.778 -0.762) (layer F.SilkS) (width 0.15))
    (fp_line (start 1.904999 0.762) (end 1.905 -0.761999) (layer F.SilkS) (width 0.15))
    (fp_line (start 2.032001 -0.762) (end 2.032 0.762) (layer F.SilkS) (width 0.15))
    (fp_line (start 2.413 0.762) (end 2.413 -0.762) (layer F.SilkS) (width 0.15))
    (fp_line (start 2.286 -0.762) (end 2.286 0.762) (layer F.SilkS) (width 0.15))
    (fp_line (start 2.159 0.762) (end 2.159 -0.762) (layer F.SilkS) (width 0.15))
    (fp_line (start -2.540001 0.762) (end -2.032001 0.762) (layer F.SilkS) (width 0.15))
    (fp_line (start -2.54 -0.761999) (end -2.540001 0.762) (layer F.SilkS) (width 0.15))
    (fp_line (start 2.540001 -0.762) (end -2.54 -0.761999) (layer F.SilkS) (width 0.15))
    (fp_line (start 2.54 0.761999) (end 2.540001 -0.762) (layer F.SilkS) (width 0.15))
    (fp_line (start -2.540001 0.762) (end 2.54 0.761999) (layer F.SilkS) (width 0.15))
    (pad 2 smd rect (at -2.7 0 180) (size 2.5 0.5) (layers B.Cu)
      (net 3 "Net-(D1-Pad2)") (solder_mask_margin -999))
    (pad 2 smd rect (at -1.575 0 180) (size 1.2 1.2) (layers B.Cu B.Paste B.Mask)
      (net 3 "Net-(D1-Pad2)"))
    (pad 1 smd rect (at 1.575 0 180) (size 1.2 1.2) (layers B.Cu B.Paste B.Mask)
      (net 1 row0))
    (pad 1 smd rect (at 2.7 0 180) (size 2.5 0.5) (layers B.Cu)
      (net 1 row0) (solder_mask_margin -999))
    (pad 1 smd rect (at 1.575 0 180) (size 1.2 1.2) (layers F.Cu F.Paste F.Mask)
      (net 1 row0))
    (pad 2 smd rect (at -1.575 0 180) (size 1.2 1.2) (layers F.Cu F.Paste F.Mask)
      (net 3 "Net-(D1-Pad2)"))
    (pad 2 thru_hole circle (at -3.9 0 180) (size 1.6 1.6) (drill 1) (layers *.Cu *.Mask F.SilkS)
      (net 3 "Net-(D1-Pad2)"))
    (pad 1 thru_hole rect (at 3.9 0 180) (size 1.6 1.6) (drill 1) (layers *.Cu *.Mask F.SilkS)
      (net 1 row0))
    (pad 2 smd rect (at -2.7 0 180) (size 2.5 0.5) (layers F.Cu)
      (net 3 "Net-(D1-Pad2)") (solder_mask_margin -999))
    (pad 1 smd rect (at 2.7 0 180) (size 2.5 0.5) (layers F.Cu)
      (net 1 row0) (solder_mask_margin -999))
  )

  (module redox_footprints:Diode-dual locked (layer F.Cu) (tedit 5A4BD0FA) (tstamp 5D2A5520)
    (at 132.08 70.485 180)
    (path /5A8091FC)
    (attr smd)
    (fp_text reference D2 (at -0.0254 1.4) (layer F.SilkS)
      (effects (font (size 0.8 0.8) (thickness 0.15)))
    )
    (fp_text value D (at 0 -1.925) (layer F.SilkS) hide
      (effects (font (size 0.8 0.8) (thickness 0.15)))
    )
    (fp_line (start -2.540001 0.762) (end 2.54 0.761999) (layer F.SilkS) (width 0.15))
    (fp_line (start 2.54 0.761999) (end 2.540001 -0.762) (layer F.SilkS) (width 0.15))
    (fp_line (start 2.540001 -0.762) (end -2.54 -0.761999) (layer F.SilkS) (width 0.15))
    (fp_line (start -2.54 -0.761999) (end -2.540001 0.762) (layer F.SilkS) (width 0.15))
    (fp_line (start -2.540001 0.762) (end -2.032001 0.762) (layer F.SilkS) (width 0.15))
    (fp_line (start 2.159 0.762) (end 2.159 -0.762) (layer F.SilkS) (width 0.15))
    (fp_line (start 2.286 -0.762) (end 2.286 0.762) (layer F.SilkS) (width 0.15))
    (fp_line (start 2.413 0.762) (end 2.413 -0.762) (layer F.SilkS) (width 0.15))
    (fp_line (start 2.032001 -0.762) (end 2.032 0.762) (layer F.SilkS) (width 0.15))
    (fp_line (start 1.904999 0.762) (end 1.905 -0.761999) (layer F.SilkS) (width 0.15))
    (fp_line (start 1.778 0.762) (end 1.778 -0.762) (layer F.SilkS) (width 0.15))
    (pad 1 smd rect (at 2.7 0 180) (size 2.5 0.5) (layers F.Cu)
      (net 1 row0) (solder_mask_margin -999))
    (pad 2 smd rect (at -2.7 0 180) (size 2.5 0.5) (layers F.Cu)
      (net 4 "Net-(D2-Pad2)") (solder_mask_margin -999))
    (pad 1 thru_hole rect (at 3.9 0 180) (size 1.6 1.6) (drill 1) (layers *.Cu *.Mask F.SilkS)
      (net 1 row0))
    (pad 2 thru_hole circle (at -3.9 0 180) (size 1.6 1.6) (drill 1) (layers *.Cu *.Mask F.SilkS)
      (net 4 "Net-(D2-Pad2)"))
    (pad 2 smd rect (at -1.575 0 180) (size 1.2 1.2) (layers F.Cu F.Paste F.Mask)
      (net 4 "Net-(D2-Pad2)"))
    (pad 1 smd rect (at 1.575 0 180) (size 1.2 1.2) (layers F.Cu F.Paste F.Mask)
      (net 1 row0))
    (pad 1 smd rect (at 2.7 0 180) (size 2.5 0.5) (layers B.Cu)
      (net 1 row0) (solder_mask_margin -999))
    (pad 1 smd rect (at 1.575 0 180) (size 1.2 1.2) (layers B.Cu B.Paste B.Mask)
      (net 1 row0))
    (pad 2 smd rect (at -1.575 0 180) (size 1.2 1.2) (layers B.Cu B.Paste B.Mask)
      (net 4 "Net-(D2-Pad2)"))
    (pad 2 smd rect (at -2.7 0 180) (size 2.5 0.5) (layers B.Cu)
      (net 4 "Net-(D2-Pad2)") (solder_mask_margin -999))
  )

  (module redox_footprints:Diode-dual locked (layer F.Cu) (tedit 5A4BD0FA) (tstamp 5D2A5539)
    (at 151.13 67.945 180)
    (path /5A809209)
    (attr smd)
    (fp_text reference D3 (at -0.0254 1.4) (layer F.SilkS)
      (effects (font (size 0.8 0.8) (thickness 0.15)))
    )
    (fp_text value D (at 0 -1.925) (layer F.SilkS) hide
      (effects (font (size 0.8 0.8) (thickness 0.15)))
    )
    (fp_line (start 1.778 0.762) (end 1.778 -0.762) (layer F.SilkS) (width 0.15))
    (fp_line (start 1.904999 0.762) (end 1.905 -0.761999) (layer F.SilkS) (width 0.15))
    (fp_line (start 2.032001 -0.762) (end 2.032 0.762) (layer F.SilkS) (width 0.15))
    (fp_line (start 2.413 0.762) (end 2.413 -0.762) (layer F.SilkS) (width 0.15))
    (fp_line (start 2.286 -0.762) (end 2.286 0.762) (layer F.SilkS) (width 0.15))
    (fp_line (start 2.159 0.762) (end 2.159 -0.762) (layer F.SilkS) (width 0.15))
    (fp_line (start -2.540001 0.762) (end -2.032001 0.762) (layer F.SilkS) (width 0.15))
    (fp_line (start -2.54 -0.761999) (end -2.540001 0.762) (layer F.SilkS) (width 0.15))
    (fp_line (start 2.540001 -0.762) (end -2.54 -0.761999) (layer F.SilkS) (width 0.15))
    (fp_line (start 2.54 0.761999) (end 2.540001 -0.762) (layer F.SilkS) (width 0.15))
    (fp_line (start -2.540001 0.762) (end 2.54 0.761999) (layer F.SilkS) (width 0.15))
    (pad 2 smd rect (at -2.7 0 180) (size 2.5 0.5) (layers B.Cu)
      (net 5 "Net-(D3-Pad2)") (solder_mask_margin -999))
    (pad 2 smd rect (at -1.575 0 180) (size 1.2 1.2) (layers B.Cu B.Paste B.Mask)
      (net 5 "Net-(D3-Pad2)"))
    (pad 1 smd rect (at 1.575 0 180) (size 1.2 1.2) (layers B.Cu B.Paste B.Mask)
      (net 1 row0))
    (pad 1 smd rect (at 2.7 0 180) (size 2.5 0.5) (layers B.Cu)
      (net 1 row0) (solder_mask_margin -999))
    (pad 1 smd rect (at 1.575 0 180) (size 1.2 1.2) (layers F.Cu F.Paste F.Mask)
      (net 1 row0))
    (pad 2 smd rect (at -1.575 0 180) (size 1.2 1.2) (layers F.Cu F.Paste F.Mask)
      (net 5 "Net-(D3-Pad2)"))
    (pad 2 thru_hole circle (at -3.9 0 180) (size 1.6 1.6) (drill 1) (layers *.Cu *.Mask F.SilkS)
      (net 5 "Net-(D3-Pad2)"))
    (pad 1 thru_hole rect (at 3.9 0 180) (size 1.6 1.6) (drill 1) (layers *.Cu *.Mask F.SilkS)
      (net 1 row0))
    (pad 2 smd rect (at -2.7 0 180) (size 2.5 0.5) (layers F.Cu)
      (net 5 "Net-(D3-Pad2)") (solder_mask_margin -999))
    (pad 1 smd rect (at 2.7 0 180) (size 2.5 0.5) (layers F.Cu)
      (net 1 row0) (solder_mask_margin -999))
  )

  (module redox_footprints:Diode-dual locked (layer F.Cu) (tedit 5A4BD0FA) (tstamp 5D2A5552)
    (at 170.18 70.485 180)
    (path /5A809493)
    (attr smd)
    (fp_text reference D4 (at -0.0254 1.4) (layer F.SilkS)
      (effects (font (size 0.8 0.8) (thickness 0.15)))
    )
    (fp_text value D (at 0 -1.925) (layer F.SilkS) hide
      (effects (font (size 0.8 0.8) (thickness 0.15)))
    )
    (fp_line (start 1.778 0.762) (end 1.778 -0.762) (layer F.SilkS) (width 0.15))
    (fp_line (start 1.904999 0.762) (end 1.905 -0.761999) (layer F.SilkS) (width 0.15))
    (fp_line (start 2.032001 -0.762) (end 2.032 0.762) (layer F.SilkS) (width 0.15))
    (fp_line (start 2.413 0.762) (end 2.413 -0.762) (layer F.SilkS) (width 0.15))
    (fp_line (start 2.286 -0.762) (end 2.286 0.762) (layer F.SilkS) (width 0.15))
    (fp_line (start 2.159 0.762) (end 2.159 -0.762) (layer F.SilkS) (width 0.15))
    (fp_line (start -2.540001 0.762) (end -2.032001 0.762) (layer F.SilkS) (width 0.15))
    (fp_line (start -2.54 -0.761999) (end -2.540001 0.762) (layer F.SilkS) (width 0.15))
    (fp_line (start 2.540001 -0.762) (end -2.54 -0.761999) (layer F.SilkS) (width 0.15))
    (fp_line (start 2.54 0.761999) (end 2.540001 -0.762) (layer F.SilkS) (width 0.15))
    (fp_line (start -2.540001 0.762) (end 2.54 0.761999) (layer F.SilkS) (width 0.15))
    (pad 2 smd rect (at -2.7 0 180) (size 2.5 0.5) (layers B.Cu)
      (net 6 "Net-(D4-Pad2)") (solder_mask_margin -999))
    (pad 2 smd rect (at -1.575 0 180) (size 1.2 1.2) (layers B.Cu B.Paste B.Mask)
      (net 6 "Net-(D4-Pad2)"))
    (pad 1 smd rect (at 1.575 0 180) (size 1.2 1.2) (layers B.Cu B.Paste B.Mask)
      (net 1 row0))
    (pad 1 smd rect (at 2.7 0 180) (size 2.5 0.5) (layers B.Cu)
      (net 1 row0) (solder_mask_margin -999))
    (pad 1 smd rect (at 1.575 0 180) (size 1.2 1.2) (layers F.Cu F.Paste F.Mask)
      (net 1 row0))
    (pad 2 smd rect (at -1.575 0 180) (size 1.2 1.2) (layers F.Cu F.Paste F.Mask)
      (net 6 "Net-(D4-Pad2)"))
    (pad 2 thru_hole circle (at -3.9 0 180) (size 1.6 1.6) (drill 1) (layers *.Cu *.Mask F.SilkS)
      (net 6 "Net-(D4-Pad2)"))
    (pad 1 thru_hole rect (at 3.9 0 180) (size 1.6 1.6) (drill 1) (layers *.Cu *.Mask F.SilkS)
      (net 1 row0))
    (pad 2 smd rect (at -2.7 0 180) (size 2.5 0.5) (layers F.Cu)
      (net 6 "Net-(D4-Pad2)") (solder_mask_margin -999))
    (pad 1 smd rect (at 2.7 0 180) (size 2.5 0.5) (layers F.Cu)
      (net 1 row0) (solder_mask_margin -999))
  )

  (module redox_footprints:Diode-dual locked (layer F.Cu) (tedit 5A4BD0FA) (tstamp 5D2A556B)
    (at 189.23 72.39 180)
    (path /5A8094A0)
    (attr smd)
    (fp_text reference D5 (at -0.0254 1.4) (layer F.SilkS)
      (effects (font (size 0.8 0.8) (thickness 0.15)))
    )
    (fp_text value D (at 0 -1.925) (layer F.SilkS) hide
      (effects (font (size 0.8 0.8) (thickness 0.15)))
    )
    (fp_line (start 1.778 0.762) (end 1.778 -0.762) (layer F.SilkS) (width 0.15))
    (fp_line (start 1.904999 0.762) (end 1.905 -0.761999) (layer F.SilkS) (width 0.15))
    (fp_line (start 2.032001 -0.762) (end 2.032 0.762) (layer F.SilkS) (width 0.15))
    (fp_line (start 2.413 0.762) (end 2.413 -0.762) (layer F.SilkS) (width 0.15))
    (fp_line (start 2.286 -0.762) (end 2.286 0.762) (layer F.SilkS) (width 0.15))
    (fp_line (start 2.159 0.762) (end 2.159 -0.762) (layer F.SilkS) (width 0.15))
    (fp_line (start -2.540001 0.762) (end -2.032001 0.762) (layer F.SilkS) (width 0.15))
    (fp_line (start -2.54 -0.761999) (end -2.540001 0.762) (layer F.SilkS) (width 0.15))
    (fp_line (start 2.540001 -0.762) (end -2.54 -0.761999) (layer F.SilkS) (width 0.15))
    (fp_line (start 2.54 0.761999) (end 2.540001 -0.762) (layer F.SilkS) (width 0.15))
    (fp_line (start -2.540001 0.762) (end 2.54 0.761999) (layer F.SilkS) (width 0.15))
    (pad 2 smd rect (at -2.7 0 180) (size 2.5 0.5) (layers B.Cu)
      (net 7 "Net-(D5-Pad2)") (solder_mask_margin -999))
    (pad 2 smd rect (at -1.575 0 180) (size 1.2 1.2) (layers B.Cu B.Paste B.Mask)
      (net 7 "Net-(D5-Pad2)"))
    (pad 1 smd rect (at 1.575 0 180) (size 1.2 1.2) (layers B.Cu B.Paste B.Mask)
      (net 1 row0))
    (pad 1 smd rect (at 2.7 0 180) (size 2.5 0.5) (layers B.Cu)
      (net 1 row0) (solder_mask_margin -999))
    (pad 1 smd rect (at 1.575 0 180) (size 1.2 1.2) (layers F.Cu F.Paste F.Mask)
      (net 1 row0))
    (pad 2 smd rect (at -1.575 0 180) (size 1.2 1.2) (layers F.Cu F.Paste F.Mask)
      (net 7 "Net-(D5-Pad2)"))
    (pad 2 thru_hole circle (at -3.9 0 180) (size 1.6 1.6) (drill 1) (layers *.Cu *.Mask F.SilkS)
      (net 7 "Net-(D5-Pad2)"))
    (pad 1 thru_hole rect (at 3.9 0 180) (size 1.6 1.6) (drill 1) (layers *.Cu *.Mask F.SilkS)
      (net 1 row0))
    (pad 2 smd rect (at -2.7 0 180) (size 2.5 0.5) (layers F.Cu)
      (net 7 "Net-(D5-Pad2)") (solder_mask_margin -999))
    (pad 1 smd rect (at 2.7 0 180) (size 2.5 0.5) (layers F.Cu)
      (net 1 row0) (solder_mask_margin -999))
  )

  (module redox_footprints:Diode-dual locked (layer F.Cu) (tedit 5A4BD0FA) (tstamp 5D2A5584)
    (at 208.28 81.915 180)
    (path /5D393995)
    (attr smd)
    (fp_text reference D6 (at -0.0254 1.4) (layer F.SilkS)
      (effects (font (size 0.8 0.8) (thickness 0.15)))
    )
    (fp_text value D (at 0 -1.925) (layer F.SilkS) hide
      (effects (font (size 0.8 0.8) (thickness 0.15)))
    )
    (fp_line (start 1.778 0.762) (end 1.778 -0.762) (layer F.SilkS) (width 0.15))
    (fp_line (start 1.904999 0.762) (end 1.905 -0.761999) (layer F.SilkS) (width 0.15))
    (fp_line (start 2.032001 -0.762) (end 2.032 0.762) (layer F.SilkS) (width 0.15))
    (fp_line (start 2.413 0.762) (end 2.413 -0.762) (layer F.SilkS) (width 0.15))
    (fp_line (start 2.286 -0.762) (end 2.286 0.762) (layer F.SilkS) (width 0.15))
    (fp_line (start 2.159 0.762) (end 2.159 -0.762) (layer F.SilkS) (width 0.15))
    (fp_line (start -2.540001 0.762) (end -2.032001 0.762) (layer F.SilkS) (width 0.15))
    (fp_line (start -2.54 -0.761999) (end -2.540001 0.762) (layer F.SilkS) (width 0.15))
    (fp_line (start 2.540001 -0.762) (end -2.54 -0.761999) (layer F.SilkS) (width 0.15))
    (fp_line (start 2.54 0.761999) (end 2.540001 -0.762) (layer F.SilkS) (width 0.15))
    (fp_line (start -2.540001 0.762) (end 2.54 0.761999) (layer F.SilkS) (width 0.15))
    (pad 2 smd rect (at -2.7 0 180) (size 2.5 0.5) (layers B.Cu)
      (net 8 "Net-(D6-Pad2)") (solder_mask_margin -999))
    (pad 2 smd rect (at -1.575 0 180) (size 1.2 1.2) (layers B.Cu B.Paste B.Mask)
      (net 8 "Net-(D6-Pad2)"))
    (pad 1 smd rect (at 1.575 0 180) (size 1.2 1.2) (layers B.Cu B.Paste B.Mask)
      (net 1 row0))
    (pad 1 smd rect (at 2.7 0 180) (size 2.5 0.5) (layers B.Cu)
      (net 1 row0) (solder_mask_margin -999))
    (pad 1 smd rect (at 1.575 0 180) (size 1.2 1.2) (layers F.Cu F.Paste F.Mask)
      (net 1 row0))
    (pad 2 smd rect (at -1.575 0 180) (size 1.2 1.2) (layers F.Cu F.Paste F.Mask)
      (net 8 "Net-(D6-Pad2)"))
    (pad 2 thru_hole circle (at -3.9 0 180) (size 1.6 1.6) (drill 1) (layers *.Cu *.Mask F.SilkS)
      (net 8 "Net-(D6-Pad2)"))
    (pad 1 thru_hole rect (at 3.9 0 180) (size 1.6 1.6) (drill 1) (layers *.Cu *.Mask F.SilkS)
      (net 1 row0))
    (pad 2 smd rect (at -2.7 0 180) (size 2.5 0.5) (layers F.Cu)
      (net 8 "Net-(D6-Pad2)") (solder_mask_margin -999))
    (pad 1 smd rect (at 2.7 0 180) (size 2.5 0.5) (layers F.Cu)
      (net 1 row0) (solder_mask_margin -999))
  )

  (module redox_footprints:Diode-dual locked (layer F.Cu) (tedit 5A4BD0FA) (tstamp 5D2A559D)
    (at 89.2175 93.98 180)
    (path /5A809C23)
    (attr smd)
    (fp_text reference D10 (at -0.0254 1.4) (layer F.SilkS)
      (effects (font (size 0.8 0.8) (thickness 0.15)))
    )
    (fp_text value D (at 0 -1.925) (layer F.SilkS) hide
      (effects (font (size 0.8 0.8) (thickness 0.15)))
    )
    (fp_line (start 1.778 0.762) (end 1.778 -0.762) (layer F.SilkS) (width 0.15))
    (fp_line (start 1.904999 0.762) (end 1.905 -0.761999) (layer F.SilkS) (width 0.15))
    (fp_line (start 2.032001 -0.762) (end 2.032 0.762) (layer F.SilkS) (width 0.15))
    (fp_line (start 2.413 0.762) (end 2.413 -0.762) (layer F.SilkS) (width 0.15))
    (fp_line (start 2.286 -0.762) (end 2.286 0.762) (layer F.SilkS) (width 0.15))
    (fp_line (start 2.159 0.762) (end 2.159 -0.762) (layer F.SilkS) (width 0.15))
    (fp_line (start -2.540001 0.762) (end -2.032001 0.762) (layer F.SilkS) (width 0.15))
    (fp_line (start -2.54 -0.761999) (end -2.540001 0.762) (layer F.SilkS) (width 0.15))
    (fp_line (start 2.540001 -0.762) (end -2.54 -0.761999) (layer F.SilkS) (width 0.15))
    (fp_line (start 2.54 0.761999) (end 2.540001 -0.762) (layer F.SilkS) (width 0.15))
    (fp_line (start -2.540001 0.762) (end 2.54 0.761999) (layer F.SilkS) (width 0.15))
    (pad 2 smd rect (at -2.7 0 180) (size 2.5 0.5) (layers B.Cu)
      (net 9 "Net-(D10-Pad2)") (solder_mask_margin -999))
    (pad 2 smd rect (at -1.575 0 180) (size 1.2 1.2) (layers B.Cu B.Paste B.Mask)
      (net 9 "Net-(D10-Pad2)"))
    (pad 1 smd rect (at 1.575 0 180) (size 1.2 1.2) (layers B.Cu B.Paste B.Mask)
      (net 10 row1))
    (pad 1 smd rect (at 2.7 0 180) (size 2.5 0.5) (layers B.Cu)
      (net 10 row1) (solder_mask_margin -999))
    (pad 1 smd rect (at 1.575 0 180) (size 1.2 1.2) (layers F.Cu F.Paste F.Mask)
      (net 10 row1))
    (pad 2 smd rect (at -1.575 0 180) (size 1.2 1.2) (layers F.Cu F.Paste F.Mask)
      (net 9 "Net-(D10-Pad2)"))
    (pad 2 thru_hole circle (at -3.9 0 180) (size 1.6 1.6) (drill 1) (layers *.Cu *.Mask F.SilkS)
      (net 9 "Net-(D10-Pad2)"))
    (pad 1 thru_hole rect (at 3.9 0 180) (size 1.6 1.6) (drill 1) (layers *.Cu *.Mask F.SilkS)
      (net 10 row1))
    (pad 2 smd rect (at -2.7 0 180) (size 2.5 0.5) (layers F.Cu)
      (net 9 "Net-(D10-Pad2)") (solder_mask_margin -999))
    (pad 1 smd rect (at 2.7 0 180) (size 2.5 0.5) (layers F.Cu)
      (net 10 row1) (solder_mask_margin -999))
  )

  (module redox_footprints:Diode-dual locked (layer F.Cu) (tedit 5A4BD0FA) (tstamp 5D2A55B6)
    (at 113.03 93.98 180)
    (path /5A809C30)
    (attr smd)
    (fp_text reference D11 (at -0.0254 1.4) (layer F.SilkS)
      (effects (font (size 0.8 0.8) (thickness 0.15)))
    )
    (fp_text value D (at 0 -1.925) (layer F.SilkS) hide
      (effects (font (size 0.8 0.8) (thickness 0.15)))
    )
    (fp_line (start 1.778 0.762) (end 1.778 -0.762) (layer F.SilkS) (width 0.15))
    (fp_line (start 1.904999 0.762) (end 1.905 -0.761999) (layer F.SilkS) (width 0.15))
    (fp_line (start 2.032001 -0.762) (end 2.032 0.762) (layer F.SilkS) (width 0.15))
    (fp_line (start 2.413 0.762) (end 2.413 -0.762) (layer F.SilkS) (width 0.15))
    (fp_line (start 2.286 -0.762) (end 2.286 0.762) (layer F.SilkS) (width 0.15))
    (fp_line (start 2.159 0.762) (end 2.159 -0.762) (layer F.SilkS) (width 0.15))
    (fp_line (start -2.540001 0.762) (end -2.032001 0.762) (layer F.SilkS) (width 0.15))
    (fp_line (start -2.54 -0.761999) (end -2.540001 0.762) (layer F.SilkS) (width 0.15))
    (fp_line (start 2.540001 -0.762) (end -2.54 -0.761999) (layer F.SilkS) (width 0.15))
    (fp_line (start 2.54 0.761999) (end 2.540001 -0.762) (layer F.SilkS) (width 0.15))
    (fp_line (start -2.540001 0.762) (end 2.54 0.761999) (layer F.SilkS) (width 0.15))
    (pad 2 smd rect (at -2.7 0 180) (size 2.5 0.5) (layers B.Cu)
      (net 11 "Net-(D11-Pad2)") (solder_mask_margin -999))
    (pad 2 smd rect (at -1.575 0 180) (size 1.2 1.2) (layers B.Cu B.Paste B.Mask)
      (net 11 "Net-(D11-Pad2)"))
    (pad 1 smd rect (at 1.575 0 180) (size 1.2 1.2) (layers B.Cu B.Paste B.Mask)
      (net 10 row1))
    (pad 1 smd rect (at 2.7 0 180) (size 2.5 0.5) (layers B.Cu)
      (net 10 row1) (solder_mask_margin -999))
    (pad 1 smd rect (at 1.575 0 180) (size 1.2 1.2) (layers F.Cu F.Paste F.Mask)
      (net 10 row1))
    (pad 2 smd rect (at -1.575 0 180) (size 1.2 1.2) (layers F.Cu F.Paste F.Mask)
      (net 11 "Net-(D11-Pad2)"))
    (pad 2 thru_hole circle (at -3.9 0 180) (size 1.6 1.6) (drill 1) (layers *.Cu *.Mask F.SilkS)
      (net 11 "Net-(D11-Pad2)"))
    (pad 1 thru_hole rect (at 3.9 0 180) (size 1.6 1.6) (drill 1) (layers *.Cu *.Mask F.SilkS)
      (net 10 row1))
    (pad 2 smd rect (at -2.7 0 180) (size 2.5 0.5) (layers F.Cu)
      (net 11 "Net-(D11-Pad2)") (solder_mask_margin -999))
    (pad 1 smd rect (at 2.7 0 180) (size 2.5 0.5) (layers F.Cu)
      (net 10 row1) (solder_mask_margin -999))
  )

  (module redox_footprints:Diode-dual locked (layer F.Cu) (tedit 5A4BD0FA) (tstamp 5D2A55CF)
    (at 132.08 89.662 180)
    (path /5A809C3D)
    (attr smd)
    (fp_text reference D12 (at -0.0254 1.4) (layer F.SilkS)
      (effects (font (size 0.8 0.8) (thickness 0.15)))
    )
    (fp_text value D (at 0 -1.925) (layer F.SilkS) hide
      (effects (font (size 0.8 0.8) (thickness 0.15)))
    )
    (fp_line (start -2.540001 0.762) (end 2.54 0.761999) (layer F.SilkS) (width 0.15))
    (fp_line (start 2.54 0.761999) (end 2.540001 -0.762) (layer F.SilkS) (width 0.15))
    (fp_line (start 2.540001 -0.762) (end -2.54 -0.761999) (layer F.SilkS) (width 0.15))
    (fp_line (start -2.54 -0.761999) (end -2.540001 0.762) (layer F.SilkS) (width 0.15))
    (fp_line (start -2.540001 0.762) (end -2.032001 0.762) (layer F.SilkS) (width 0.15))
    (fp_line (start 2.159 0.762) (end 2.159 -0.762) (layer F.SilkS) (width 0.15))
    (fp_line (start 2.286 -0.762) (end 2.286 0.762) (layer F.SilkS) (width 0.15))
    (fp_line (start 2.413 0.762) (end 2.413 -0.762) (layer F.SilkS) (width 0.15))
    (fp_line (start 2.032001 -0.762) (end 2.032 0.762) (layer F.SilkS) (width 0.15))
    (fp_line (start 1.904999 0.762) (end 1.905 -0.761999) (layer F.SilkS) (width 0.15))
    (fp_line (start 1.778 0.762) (end 1.778 -0.762) (layer F.SilkS) (width 0.15))
    (pad 1 smd rect (at 2.7 0 180) (size 2.5 0.5) (layers F.Cu)
      (net 10 row1) (solder_mask_margin -999))
    (pad 2 smd rect (at -2.7 0 180) (size 2.5 0.5) (layers F.Cu)
      (net 12 "Net-(D12-Pad2)") (solder_mask_margin -999))
    (pad 1 thru_hole rect (at 3.9 0 180) (size 1.6 1.6) (drill 1) (layers *.Cu *.Mask F.SilkS)
      (net 10 row1))
    (pad 2 thru_hole circle (at -3.9 0 180) (size 1.6 1.6) (drill 1) (layers *.Cu *.Mask F.SilkS)
      (net 12 "Net-(D12-Pad2)"))
    (pad 2 smd rect (at -1.575 0 180) (size 1.2 1.2) (layers F.Cu F.Paste F.Mask)
      (net 12 "Net-(D12-Pad2)"))
    (pad 1 smd rect (at 1.575 0 180) (size 1.2 1.2) (layers F.Cu F.Paste F.Mask)
      (net 10 row1))
    (pad 1 smd rect (at 2.7 0 180) (size 2.5 0.5) (layers B.Cu)
      (net 10 row1) (solder_mask_margin -999))
    (pad 1 smd rect (at 1.575 0 180) (size 1.2 1.2) (layers B.Cu B.Paste B.Mask)
      (net 10 row1))
    (pad 2 smd rect (at -1.575 0 180) (size 1.2 1.2) (layers B.Cu B.Paste B.Mask)
      (net 12 "Net-(D12-Pad2)"))
    (pad 2 smd rect (at -2.7 0 180) (size 2.5 0.5) (layers B.Cu)
      (net 12 "Net-(D12-Pad2)") (solder_mask_margin -999))
  )

  (module redox_footprints:Diode-dual locked (layer F.Cu) (tedit 5A4BD0FA) (tstamp 5D2A55E8)
    (at 151.13 86.995 180)
    (path /5A809C4A)
    (attr smd)
    (fp_text reference D13 (at -0.0254 1.4) (layer F.SilkS)
      (effects (font (size 0.8 0.8) (thickness 0.15)))
    )
    (fp_text value D (at 0 -1.925) (layer F.SilkS) hide
      (effects (font (size 0.8 0.8) (thickness 0.15)))
    )
    (fp_line (start 1.778 0.762) (end 1.778 -0.762) (layer F.SilkS) (width 0.15))
    (fp_line (start 1.904999 0.762) (end 1.905 -0.761999) (layer F.SilkS) (width 0.15))
    (fp_line (start 2.032001 -0.762) (end 2.032 0.762) (layer F.SilkS) (width 0.15))
    (fp_line (start 2.413 0.762) (end 2.413 -0.762) (layer F.SilkS) (width 0.15))
    (fp_line (start 2.286 -0.762) (end 2.286 0.762) (layer F.SilkS) (width 0.15))
    (fp_line (start 2.159 0.762) (end 2.159 -0.762) (layer F.SilkS) (width 0.15))
    (fp_line (start -2.540001 0.762) (end -2.032001 0.762) (layer F.SilkS) (width 0.15))
    (fp_line (start -2.54 -0.761999) (end -2.540001 0.762) (layer F.SilkS) (width 0.15))
    (fp_line (start 2.540001 -0.762) (end -2.54 -0.761999) (layer F.SilkS) (width 0.15))
    (fp_line (start 2.54 0.761999) (end 2.540001 -0.762) (layer F.SilkS) (width 0.15))
    (fp_line (start -2.540001 0.762) (end 2.54 0.761999) (layer F.SilkS) (width 0.15))
    (pad 2 smd rect (at -2.7 0 180) (size 2.5 0.5) (layers B.Cu)
      (net 13 "Net-(D13-Pad2)") (solder_mask_margin -999))
    (pad 2 smd rect (at -1.575 0 180) (size 1.2 1.2) (layers B.Cu B.Paste B.Mask)
      (net 13 "Net-(D13-Pad2)"))
    (pad 1 smd rect (at 1.575 0 180) (size 1.2 1.2) (layers B.Cu B.Paste B.Mask)
      (net 10 row1))
    (pad 1 smd rect (at 2.7 0 180) (size 2.5 0.5) (layers B.Cu)
      (net 10 row1) (solder_mask_margin -999))
    (pad 1 smd rect (at 1.575 0 180) (size 1.2 1.2) (layers F.Cu F.Paste F.Mask)
      (net 10 row1))
    (pad 2 smd rect (at -1.575 0 180) (size 1.2 1.2) (layers F.Cu F.Paste F.Mask)
      (net 13 "Net-(D13-Pad2)"))
    (pad 2 thru_hole circle (at -3.9 0 180) (size 1.6 1.6) (drill 1) (layers *.Cu *.Mask F.SilkS)
      (net 13 "Net-(D13-Pad2)"))
    (pad 1 thru_hole rect (at 3.9 0 180) (size 1.6 1.6) (drill 1) (layers *.Cu *.Mask F.SilkS)
      (net 10 row1))
    (pad 2 smd rect (at -2.7 0 180) (size 2.5 0.5) (layers F.Cu)
      (net 13 "Net-(D13-Pad2)") (solder_mask_margin -999))
    (pad 1 smd rect (at 2.7 0 180) (size 2.5 0.5) (layers F.Cu)
      (net 10 row1) (solder_mask_margin -999))
  )

  (module redox_footprints:Diode-dual locked (layer F.Cu) (tedit 5A4BD0FA) (tstamp 5D2A5601)
    (at 170.18 89.535 180)
    (path /5A809C57)
    (attr smd)
    (fp_text reference D14 (at -0.0254 1.4) (layer F.SilkS)
      (effects (font (size 0.8 0.8) (thickness 0.15)))
    )
    (fp_text value D (at 0 -1.925) (layer F.SilkS) hide
      (effects (font (size 0.8 0.8) (thickness 0.15)))
    )
    (fp_line (start -2.540001 0.762) (end 2.54 0.761999) (layer F.SilkS) (width 0.15))
    (fp_line (start 2.54 0.761999) (end 2.540001 -0.762) (layer F.SilkS) (width 0.15))
    (fp_line (start 2.540001 -0.762) (end -2.54 -0.761999) (layer F.SilkS) (width 0.15))
    (fp_line (start -2.54 -0.761999) (end -2.540001 0.762) (layer F.SilkS) (width 0.15))
    (fp_line (start -2.540001 0.762) (end -2.032001 0.762) (layer F.SilkS) (width 0.15))
    (fp_line (start 2.159 0.762) (end 2.159 -0.762) (layer F.SilkS) (width 0.15))
    (fp_line (start 2.286 -0.762) (end 2.286 0.762) (layer F.SilkS) (width 0.15))
    (fp_line (start 2.413 0.762) (end 2.413 -0.762) (layer F.SilkS) (width 0.15))
    (fp_line (start 2.032001 -0.762) (end 2.032 0.762) (layer F.SilkS) (width 0.15))
    (fp_line (start 1.904999 0.762) (end 1.905 -0.761999) (layer F.SilkS) (width 0.15))
    (fp_line (start 1.778 0.762) (end 1.778 -0.762) (layer F.SilkS) (width 0.15))
    (pad 1 smd rect (at 2.7 0 180) (size 2.5 0.5) (layers F.Cu)
      (net 10 row1) (solder_mask_margin -999))
    (pad 2 smd rect (at -2.7 0 180) (size 2.5 0.5) (layers F.Cu)
      (net 14 "Net-(D14-Pad2)") (solder_mask_margin -999))
    (pad 1 thru_hole rect (at 3.9 0 180) (size 1.6 1.6) (drill 1) (layers *.Cu *.Mask F.SilkS)
      (net 10 row1))
    (pad 2 thru_hole circle (at -3.9 0 180) (size 1.6 1.6) (drill 1) (layers *.Cu *.Mask F.SilkS)
      (net 14 "Net-(D14-Pad2)"))
    (pad 2 smd rect (at -1.575 0 180) (size 1.2 1.2) (layers F.Cu F.Paste F.Mask)
      (net 14 "Net-(D14-Pad2)"))
    (pad 1 smd rect (at 1.575 0 180) (size 1.2 1.2) (layers F.Cu F.Paste F.Mask)
      (net 10 row1))
    (pad 1 smd rect (at 2.7 0 180) (size 2.5 0.5) (layers B.Cu)
      (net 10 row1) (solder_mask_margin -999))
    (pad 1 smd rect (at 1.575 0 180) (size 1.2 1.2) (layers B.Cu B.Paste B.Mask)
      (net 10 row1))
    (pad 2 smd rect (at -1.575 0 180) (size 1.2 1.2) (layers B.Cu B.Paste B.Mask)
      (net 14 "Net-(D14-Pad2)"))
